-2.329893154191492613e+03
-2.629942629975914770e+03
-2.599633268884778772e+03
-2.049017897909100157e+03
-2.430395786942172890e+03
-2.049833122288068807e+03
-2.670843729570387040e+03
-2.541556248492476698e+03
-2.357369049163950876e+03
-2.463026714015481502e+03
-2.803241832183007318e+03
-2.357932128321249365e+03
-2.853016004306403374e+03
-1.913019110847795218e+03
-2.820403903890416586e+03
-2.505111142150332853e+03
-2.679175576337744133e+03
-2.439422466558732140e+03
-2.711281687659063209e+03
-2.125008939671499775e+03
-2.642001760172025115e+03
-2.245167034566927214e+03
-2.099630407721163920e+03
-2.529843001176877806e+03
-2.426741732816667991e+03
-2.510095008259149381e+03
-2.399239557637947655e+03
-2.370934308389777016e+03
-2.489296011292419735e+03
-1.944831703326600064e+03
-2.493105476854656445e+03
-2.427902600087648807e+03
-2.403924937883063194e+03
-1.962313687753436852e+03
-2.517011213465970741e+03
-1.857446544283463481e+03
-2.421957782937260163e+03
-2.423467523334616089e+03
-2.407894451193184977e+03
-2.416332335317461911e+03
-1.792835453736512363e+03
-2.225344154924253871e+03
-2.392273537819152352e+03
-2.448034781161152296e+03
-2.420978157938449840e+03
-2.357233503549890884e+03
-1.758747574892852754e+03
-2.422751857594385910e+03
-2.387913041630214138e+03
-2.394519488596965857e+03
-1.900204572806708029e+03
-2.390231365104804354e+03
-2.294216439445227479e+03
-1.924284714701804660e+03
-2.402057909301541258e+03
-1.911580087491919357e+03
-2.350988826891697954e+03
-1.802185556365541288e+03
-2.394844143409055960e+03
-2.331851457348848271e+03
-2.365461118060481112e+03
-2.390039421517610663e+03
-2.095962931444756123e+03
-1.931478990908334708e+03
-1.534322055674950661e+03
-1.643953420404766803e+03
-2.132770437849940208e+03
-2.245634469589816490e+03
-2.216857600592737526e+03
-2.359026037391227419e+03
-2.147862245714673463e+03
-2.338716759410100622e+03
-2.347592353112158435e+03
-2.359441589679662684e+03
-1.783848663066608879e+03
-2.306163431530766957e+03
-2.349058346457940388e+03
-1.886138027640870860e+03
-1.796559246459209817e+03
-2.289588359225186196e+03
-2.311601949874091588e+03
-2.303669109530684182e+03
-2.129045770023622481e+03
-2.339131082806520681e+03
-2.005109641092868969e+03
-2.394229345534090044e+03
-1.949522419239792498e+03
-2.006303343276662190e+03
-1.855536145256167629e+03
-2.290660092584492304e+03
-2.352394160222874234e+03
-2.322442316890782877e+03
-1.961434571629170705e+03
-2.403304447390525638e+03
-2.357151803380206729e+03
-2.211945015650308505e+03
-1.729194340413255759e+03
-2.245706326374035598e+03
-2.395180039466443759e+03
-2.244132259838232585e+03
-1.641808346446428232e+03
-1.936615713669185880e+03
-2.191103152817111095e+03
-1.837172452906244644e+03
-2.333808829088951825e+03
-2.229097093953442254e+03
-1.644287882191128574e+03
-2.225836446078034442e+03
-2.316561060258134148e+03
-2.323244282800802921e+03
-2.368416229773160467e+03
-2.123922962498179913e+03
-2.315032614486305192e+03
-2.314889134085738988e+03
-1.892489806505229353e+03
-2.412022800155572895e+03
-2.304679808401192986e+03
-1.913454404162521314e+03
-2.258581096375550260e+03
-2.362932890115044302e+03
-2.322928087388067070e+03
-2.388236796874391985e+03
-2.224441783187388864e+03
-1.970789679832995262e+03
-2.060282059477570783e+03
-2.328661985268252010e+03
-2.041331210366404548e+03
-2.312596324663336418e+03
-2.104320815809704982e+03
-2.305165377977905337e+03
-1.890013579266455508e+03
-2.243237787244645915e+03
-2.270185495612664909e+03
-2.276186339467261860e+03
-2.108335914442517151e+03
-1.978055402250769703e+03
-2.172766812403684980e+03
-1.898315864158887280e+03
-2.086193981676853127e+03
-2.009045876717538022e+03
-2.079957035275475391e+03
-2.054037628364491411e+03
-2.082986510723036190e+03
-2.045841693390202863e+03
-2.032343884967886424e+03
-2.264998615655741560e+03
-2.160863821135431408e+03
-2.159138397238748439e+03
-1.888926372446490404e+03
-2.034480940612037102e+03
-2.261376722871580114e+03
-2.302658265049418333e+03
-1.893609227092371157e+03
-1.926697163114238037e+03
-1.660374428552710015e+03
-2.297646416230966224e+03
-1.661700067855669431e+03
-1.836295756897729007e+03
-1.966233329445987238e+03
-1.786019948663566083e+03
-1.687180309372108013e+03
-2.295911429383477753e+03
-1.595780009439370815e+03
-1.641594922325504740e+03
-2.301010331213442441e+03
-1.588732382715654921e+03
-1.787872914605952474e+03
-1.681227678276689630e+03
-1.647364071782421661e+03
-2.000536479778434796e+03
-2.295659270284326794e+03
-1.664206897850265477e+03
-1.884823819969684109e+03
-1.316980336740794428e+03
-1.511662721926469203e+03
-1.315337625612327884e+03
-1.590391441626160940e+03
-1.568233909923145347e+03
-2.162070666540134425e+03
-1.667798114864813670e+03
-1.850543176820889357e+03
-1.561197291091272973e+03
-1.900076056597008119e+03
-1.542515117473864620e+03
-1.813719060591409743e+03
-1.481414669827486023e+03
-2.160977448295519480e+03
-1.978550693841808879e+03
-1.550562354097707839e+03
-2.182858290503147600e+03
-1.518225330118824104e+03
-1.555388127060477927e+03
-2.281481880258440469e+03
-2.151242075073763772e+03
-1.318977112223381027e+03
-1.952006628926515077e+03
-1.639302359030686830e+03
-1.759431310623243917e+03
-1.417054383166873777e+03
-1.633605319684536880e+03
-2.035133738645106860e+03
-2.206818009661596989e+03
-2.121874519254417464e+03
-1.711120761414654680e+03
-1.580442050291110263e+03
-1.900456664051973576e+03
-1.703876640668614527e+03
-1.898218681032080667e+03
-1.768187021209624845e+03
-1.903412878846077547e+03
-1.933215558882925507e+03
-2.263051444703460675e+03
-1.710074345293525994e+03
-2.019530009699631819e+03
-1.708090313494830070e+03
-1.923326380859706205e+03
-1.969202782725561065e+03
-2.033501199475260364e+03
-2.007325700643908704e+03
-1.891695816276345113e+03
-2.026287250600033303e+03
-1.731892591842282172e+03
-1.724939724212750434e+03
-1.831592888985751188e+03
-6.466476739806822707e+02
-5.159777822491608958e+02
-7.639956609975761239e+02
-9.027611273754476997e+02
-7.641465734995184675e+02
-6.378784532943288923e+02
-5.188654890588386479e+02
-7.636633121989547135e+02
-3.925821836564908835e+02
-1.346077452397213676e+02
-3.872320616282905235e+02
-9.654502085727316398e+02
-1.233713422290389644e+03
-1.358689621904611613e+02
-3.780048615292594718e+02
-2.626551207357852604e+02
-1.561817300496590406e+03
-1.603549685977880927e+03
-2.062385543363145189e+03
-1.469844716594335750e+03
-1.627465473335297474e+03
-7.011035755216199732e+02
-1.603652045350894014e+03
-1.662022611563238115e+03
-1.935008246636148215e+03
-2.309570716267462558e+03
-1.144233891831883739e+03
-1.258434699941190502e+03
-2.264502844533706593e+03
-1.472754539401832972e+03
-1.620715047485982041e+03
-2.123637046530638600e+03
-2.059409399337783725e+03
-1.812836376871820676e+03
-2.096951844708890803e+03
-2.088193786719566106e+03
-2.101160959942185855e+03
-2.097125056817969835e+03
-2.085687779930691249e+03
-2.042829561269305259e+03
-2.224936546604081741e+03
-2.234076939554142427e+03
-2.085642802564638259e+03
-2.122610003428193977e+03
-2.249303566935913295e+03
-2.144055534852323035e+03
-2.169471558632091728e+03
-2.216652482830258577e+03
-1.990629346715351858e+03
-2.297106953576244905e+03
-2.066319103790385270e+03
-1.951864809244455728e+03
-1.899538584951735174e+03
-1.759542282386548322e+03
-1.905930644678312774e+03
-2.274039003183988370e+03
-1.914930978299096296e+03
-1.916165590737255798e+03
-1.902791230369299683e+03
-1.895574967008118847e+03
-2.199733127264261384e+03
-1.770822973839972974e+03
-1.898183483213093723e+03
-1.906611459781247504e+03
-3.801683549779177724e+02
-3.906274132013384133e+02
-3.968137739788082854e+02
-2.242565427007919425e+03
-3.939715865202202849e+02
-4.011533370980279187e+02
-1.335760625248161944e+02
-3.870942348321913755e+02
-1.332886771291188950e+02
-2.650119330531314858e+02
-2.128137720624856229e+03
-2.255701865280602306e+03
-1.325543397655539479e+02
-1.334630259273318700e+02
-1.323601612093175390e+02
-1.306851662241280394e+02
-1.277438355897422042e+02
-2.079718508405652301e+03
-1.301828944688250829e+02
-1.294970841145372731e+02
-2.074870380719665718e+03
-1.307903684690138846e+02
-4.238330573455759236e+02
-7.868409022337432557e-01
-1.296669836874422685e+02
-1.324518385178144797e+02
-3.938673748061937090e+02
-4.165623952088392912e+02
-1.333295254735011497e+02
-2.921826375840763657e+00
-1.315755281242394119e+02
-1.307218882464180751e+02
-2.621553614738508600e+02
-2.607562610072203597e+02
-7.614737707744484441e-01
-9.823374754080341775e-01
-9.341851748802716884e+02
-3.806700186127831103e+02
-2.621929862130017455e+02
-2.281304880135847725e+03
-7.879194956608135954e+02
-3.781983123401195712e+02
-1.286806362410571580e+02
-1.329687357440753317e+02
-1.225259845854651957e+02
-1.091495287537132981e+03
-3.841110098835657709e+02
-5.242654822430771446e+02
-2.265146336461434203e+03
-6.508152360474630314e+02
-8.310096466969519042e+02
-1.316583363478084721e+02
-3.980801693333798994e+02
-2.686581654221711801e+02
-6.487102253265067020e+02
-5.503089088736679741e+02
-1.303634474658773286e+02
-1.328926793486882616e+02
-2.613436181120428046e+02
-1.335346003812929609e+02
-3.694000567328440621e+00
-1.340582873369706931e+02
-4.471981999835959343e+00
-2.743746060713678503e+02
-1.376835748095091105e+02
-2.684357863063068521e+02
-1.375757886629401412e+02
-2.265389728824087342e+03
-8.531635593307651533e+00
-6.871425238176315133e+02
-1.356711527121895813e+02
-3.786436945873592208e+02
-3.964068709759289959e+02
-3.970858650429749446e+02
-6.394033230936083001e+00
-2.622611413202033646e+02
-1.657814942009689048e+03
-1.368413229762682022e+02
-2.663074463276599886e+02
-2.713133558874211531e+02
-1.372968993884170004e+03
-1.067715852273106066e+03
-2.815621341517312430e+02
-3.993985628830536143e+02
-1.316648630560079937e+03
-1.400169348770249940e+02
-1.085296624154376133e+01
-4.779825466024063871e+02
-2.260645680679599081e+03
-2.264367765549225624e+03
-5.700252981244891437e+00
-1.198092070265403351e+02
-6.032787563953295518e+00
-1.216683222686522043e+02
-1.270663644158413490e+02
-1.864030405992320084e+03
-2.263324186653040215e+03
-8.244672148382268233e+02
-1.247774924821589622e+02
-7.870414471821361531e+02
-1.302771146706077161e+02
-2.667085908678094484e+02
-1.295011204284880932e+02
-2.772497375463378830e+02
-2.269537547852899024e+03
-3.358829885908326762e+00
-5.552234560772284340e+02
-2.720416218710194585e+02
-1.303690975431555330e+02
-1.332014680491483887e+02
-1.361573005504783112e+02
-1.386052333524181961e+02
-2.237949062124678676e+03
-2.648586348096852703e+02
-2.268439829384034056e+03
-5.203934714330528344e+00
-2.266564615846999914e+03
-2.661600257039918915e+02
-2.700040419137973799e+02
-2.266040453913275996e+03
-2.264294505125692012e+03
-2.645710653420278504e+02
-1.283658614051664699e+02
-2.261730124938079825e+03
-3.959842620499970849e+02
-2.315318568787179121e+00
-1.317564718828170385e+02
-1.289225581633863555e+02
-1.228546710777264650e+02
-2.611171368625681453e+02
-2.597915188127801684e+02
-3.804303900673349972e+02
-8.332138551527654702e-01
-2.272242740463513201e+03
-2.655107852208145118e+02
-3.909399267269542406e+02
-2.625725744050500907e+02
-5.577241440003418482e+00
-2.598069805300629582e+02
-1.398064350683028579e+03
-1.396509549037826048e+02
-5.577295374216355412e+02
-2.254148994009316993e+03
-1.804977663503271970e+03
-2.126131333402416203e+03
-1.787975166084654566e+00
-2.134649549828236559e+03
-2.105636671996024688e+03
-3.920821031249504358e+02
-1.747567358512851570e+03
-2.673876357874244150e+02
-1.928667760979262539e+03
-1.200204357931757073e+02
-1.203938921399482922e+02
-1.713157782555600306e+03
-1.351795126511263447e+02
-1.270702848930781101e+02
-1.757946402275196988e+03
-2.716089447581354399e+00
-2.648898543596457102e+02
-1.310334527340079944e+02
-4.291542353640918961e+00
-2.721707264526853578e+02
-2.641661899035758552e+02
-2.695038884931833536e+02
-1.338540217964888086e+02
-2.691484960462513527e+02
-2.741451600239708455e+02
-1.394938876846908329e+02
-2.729187874322420839e+02
-2.009525949846426556e+03
-6.910065534688025082e+02
-1.384075291303507811e+02
-1.403518638191646062e+02
-2.710269246029390615e+02
-2.633572420437386654e+02
-5.956509023886134457e+00
-2.656032220485685684e+02
-2.834760308258972827e+02
-1.350020091321146651e+02
-4.164514233216274306e+02
-6.843704631701148067e+00
-7.360120732866613835e+00
-1.379304541749658597e+02
-2.300238730194412256e+03
-1.381409237922713089e+02
-1.384831342050767375e+02
-1.337382477552145019e+02
-4.115446196944479880e+02
-1.320148518947870002e+02
-2.226982224639158176e+03
-7.732980505129466664e+00
-1.369831787445531575e+02
-5.496659237086411132e+00
-1.380823872910748378e+02
-2.656130943087279093e+02
-1.920883136064930795e+03
-1.969312880241038556e+03
-3.991494630342119763e+02
-1.805114025383827311e+03
-1.357123446663655955e+02
-2.274810479511488211e+03
-2.702555654812019270e+02
-2.286105051835842005e+03
-5.341392967755558274e+00
-2.672882226428889680e+02
-3.124209398120947778e+00
-2.258515291662231903e+03
-6.981072400377532858e+02
-1.432670013660067525e+02
-1.243177432903908993e+03
-3.890198120877995507e+02
-2.777429139068335644e+02
-1.414350482231992316e+02
-1.406543127023843169e+02
-2.736421288395735587e+02
-9.746889624096055513e+02
-2.291994281688865613e+03
-8.104422419215447917e+02
-1.184148758329923368e+01
-2.262749202653974862e+03
-8.101875658598697783e+02
-1.400694729732127257e+02
-1.120273421218288590e+01
-1.376497416151902655e+02
-3.198995384320344915e+00
-5.471088639142326429e+02
-1.353533828289967289e+02
-5.347853524832883068e+02
-1.930315336157884985e+03
-1.366742181969069179e+03
-2.284324277912481193e+03
-8.313471530157685265e+02
-2.254853445268053747e+03
-3.770297599772106434e+00
-2.265750800579706720e+03
-1.362055655215463332e+02
-1.324120985842376115e+02
-1.322801571849133211e+02
-2.807750382970191936e+02
-7.459633783626519410e+00
-1.370593727448899131e+02
-2.887055433468173646e+02
-3.926148191756261667e+02
-1.374420606836776244e+02
-2.780449019147469016e+02
-7.101789833545516331e+02
-2.812009020833460795e+02
-4.264522872094094055e+02
-2.258005320456613390e+03
-1.601329674788609736e+03
-3.924099279688323350e+02
-2.788487864454705800e+02
-1.034713274540142258e+01
-1.007917513435239584e+03
-1.429262689328859040e+02
-1.800660405861356139e+01
-2.843971380496114989e+02
-2.824728063422112996e+02
-1.814258823123640951e+01
-1.914066795905213780e+01
-1.552353617829121504e+02
-7.068014181385913162e+02
-2.829878113457635891e+02
-2.809734735060492881e+02
-1.514010511344133647e+03
-2.266108324075411019e+03
-1.477771543071268070e+03
-4.192534889529101179e+02
-2.840309835816000827e+02
-2.842333372348211356e+02
-1.573870542592750610e+02
-2.865579792104323928e+02
-1.417386245270351139e+02
-6.634987741634621443e+02
-1.307590475725500596e+02
-1.419021122973805689e+02
-1.423182484718520868e+02
-1.146331383583551400e+01
-1.421343613146375446e+02
-1.868434982398950783e+00
-2.259468473982571140e+03
-4.023905307797218711e+02
-1.864207885110722600e+03
-1.294964277997216140e+00
-2.650903336150677774e+02
-5.472138237220851806e+02
-5.525567622502231870e+02
-1.070456183156465846e+00
-2.273170727361869922e+03
-5.531553913490600962e+02
-1.313753545588489260e+02
-1.319909761916466380e+02
-4.005720067161661291e+02
-2.189068580585234486e+03
-2.629636461697870118e+02
-2.839789603375952538e+02
-4.647690631147226026e-01
-5.710721908432125247e+02
-1.403658605058305966e+03
-1.272438488061071524e+02
-1.238346705553107228e+02
-2.258542893824215753e+03
-2.640758910550954397e+02
-1.755148344265521246e+03
-3.950099832823898964e+02
-1.745712819446935782e+03
-1.758672206527777234e+03
-4.197220626333115767e+00
-4.009847828254875139e+02
-1.631535705151508182e+03
-1.735190753518865904e+03
-6.901565175283349340e+00
-2.643766777580304392e+02
-2.806209443743263705e+02
-1.325545654149926804e+02
-1.232011234196592682e+02
-2.601408631971240197e+02
-4.325854190539404343e+00
-1.340442882178478214e+02
-2.078288038851257170e+03
-1.953208726064107850e+03
-2.128759238160355380e+03
-2.835430296424345897e+02
-3.703690696305309338e+00
-1.348328721569330071e+02
-2.124368233795304604e+03
-2.204041962115151819e+03
-1.940270146067080759e+03
-1.186779014064281590e+01
-2.263547390178207479e+03
-1.995930838459427150e+03
-4.113393317884621183e+02
-1.217343828559024566e+01
-1.336237376656143283e+01
-1.321255090750957351e+01
-2.255816803217509005e+03
-1.947281629720939463e+03
-1.361530955952968611e+02
-1.984069379489089442e+03
-2.043720775465670840e+03
-1.250325763926595535e+01
-2.007330499553156869e+03
-1.934377481289668140e+03
-1.523763093343968194e+03
-1.990614740668338072e+03
-2.014414535732307513e+03
-1.927601861924239302e+03
-1.468003893997743035e+02
-2.036482409386272820e+03
-1.168315505089219108e+01
-2.009442633198663771e+03
-2.725809701160762302e+02
-1.906724746883026910e+03
-1.646960907741966139e+03
-2.749731028487085496e+02
-3.959872432929101933e+02
-2.486673235705628997e+02
-2.825851315135575987e+02
-2.629230675677464433e+02
-2.250249961049648391e+03
-3.855412139661816013e+02
-1.232662780786004788e+02
-2.723796550488129355e+02
-8.123276631701585870e-01
-1.427315798424107925e+03
-3.886736165566891827e+02
-1.442379346890666511e+03
-1.059320925043351508e+03
-2.630705351811827963e+00
-3.081943352502933831e+00
-3.589163330052377976e+00
-4.050790829571366771e+02
-3.896290657313039105e+02
-8.013847799940767800e+02
-6.640310499890082383e+02
-4.273903126391059182e+00
-1.336518447359657387e+02
-2.658099977651083350e+02
-4.948835451186486267e+00
-4.033808896357289768e+02
-1.370289395302947071e+02
-2.862154221088222243e+02
-1.376018356873325672e+02
-2.904026453974923356e+02
-1.343249084938610736e+02
-1.299434167109629925e+02
-1.338809531059752373e+02
-2.064387471506131078e+03
-2.709844473244888263e+02
-1.326461624128389190e+02
-2.681465022517153898e+02
-2.251185075197836341e+03
-2.099418102357535190e+03
-6.896010309956222883e+00
-7.272147722662187341e+00
-2.092657685507968381e+03
-3.865224835988345262e+02
-1.541072627733467471e+03
-6.622732355957234418e+00
-2.411431163589579228e+03
-2.896221296680675437e+02
-2.374315225549406023e+03
-7.140516269574079615e+02
-1.080721277047903413e+03
-1.338835629133623684e+02
-2.377239048051819282e+03
-2.252560549239859029e+03
-2.390450721673897988e+03
-8.404521263686948629e+00
-2.445176251084941214e+03
-2.297118477158305268e+03
-2.429575384702221527e+03
-2.361055427379048524e+03
-2.385702268379977795e+03
-2.368256440632190333e+03
-2.431048080569593367e+03
-2.304310463588809398e+03
-2.467163504813406234e+03
-2.367037041304628929e+03
-6.582822722469702015e+00
-2.110679141793565122e+03
-7.158316741544661355e+00
-2.246655172813823810e+03
-2.335254447072066341e+03
-2.449860860088504978e+03
-2.469898122427964609e+03
-2.470410578124670337e+03
-2.257680989119016431e+03
-2.666057688570268258e+00
-2.017931653600550590e+03
-1.947302119079524118e+03
-2.457062898462515932e+03
-2.391106852081057241e+03
-2.264708340625711116e+03
-2.482631907654360475e+03
-2.324093696186449506e+03
-2.430227738893237529e+03
-2.292268232646542856e+03
-2.410137466377257169e+03
-2.404022204787640931e+03
-4.113701208794516901e+02
-2.468558084249006697e+03
-2.479470424725721386e+03
-4.441385924055049728e+00
-4.269617439085757304e+00
-3.869994033885387541e+00
-2.356620757552821033e+03
-2.465189320672259328e+03
-2.217096617285731554e+03
-2.463934217648074537e+03
-2.870853594465380638e+02
-2.282957495542296328e+03
-2.413012592271523772e+03
-1.234831038551484426e+02
-2.254679763363934853e+03
-4.939480616706375393e+00
-2.473973296165519514e+03
-2.369660473036660733e+03
-2.070311701239258127e+03
-2.478180746542935594e+03
-2.307409146370759117e+03
-2.460040027326485870e+03
-2.135909853907385241e+03
-2.162724206672399305e+03
-2.451440009035946332e+03
-5.246569069254658046e+00
-2.278638908536178405e+03
-2.374063893088296027e+03
-2.150925660906319536e+03
-2.241905563554015771e+03
-5.505631925585569242e+00
-2.259115717178509385e+03
-2.242119742425488766e+03
-4.135424372240381672e+02
-2.212202367193107875e+03
-2.288692465684790932e+03
-2.181944786272004421e+03
-2.269789401700697908e+03
-4.196613202638422422e+02
-2.098561667632955960e+03
-2.439894045894406283e+00
-2.276682642046780529e+03
-4.529338271282201234e+00
-2.397001024250908813e+03
-2.228748428862606488e+03
-2.332866594110408187e+03
-1.195010623561807535e+02
-2.244383802852275039e+03
-2.114782714699362259e+03
-1.276845822959849919e+01
-2.194174471987671041e+03
-2.239482248094666829e+03
-2.253589136269823484e+03
-2.221014380358380549e+03
-2.920562830290521674e+02
-2.250337138286651225e+03
-2.063807709352228358e+03
-2.112366125379790446e+03
-1.953576349230466121e+03
-2.107677153631224428e+03
-2.235823437579250367e+03
-2.268899819708201449e+03
-2.181638974690967189e+03
-1.377377214697924046e+02
-2.091837562052521207e+03
-2.106829331019251185e+03
-8.183464179948627404e+00
-2.199248806853996030e+03
-8.966806778580094672e+00
-2.119675965439230367e+03
-1.293923101862938552e+02
-2.116827620458582714e+03
-2.105841760308349876e+03
-2.137896356792816277e+03
-2.799225000606718936e+02
-7.885502450802629681e+00
-2.094920350574177064e+03
-2.043727999832938849e+03
-7.376264815253117391e+00
-1.975672600219043034e+03
-1.321190502651258782e+02
-2.058784510463665811e+03
-8.578829022312161712e+00
-4.188328881790203795e+00
-2.122757362248537447e+03
-2.244708589755100093e+03
-3.996508190655929411e+02
-4.089773102717159645e+02
-2.214014147374721233e+03
-3.728122491596025601e+00
-2.239752341771630199e+03
-2.140942950364966237e+03
-2.194212313435426950e+03
-2.083740661133300364e+03
-1.066197592882938361e+00
-2.092414210516588355e+03
-1.293074894773630490e+02
-2.188646617514486479e+03
-4.062809237601176164e+02
-3.918123189028535762e+02
-2.227602082625265666e+03
-2.096013195079946399e+03
-2.194288228913977491e+03
-2.113598793749374636e+03
-2.132225489246527559e+03
-2.245421866143791704e+03
-1.951500887729060423e+03
-2.186066780242072582e+03
-2.246033122288252343e+03
-1.227054163608976864e+02
-2.123119608777137273e+03
-2.030328742069735199e+03
-2.140991666008679204e+03
-1.886618119109600684e+03
-1.961995127084309615e+03
-1.897057623083778481e+03
-1.926507445193876492e+03
-1.912152082173881354e+03
-1.273670845190317813e+00
-1.906201465120361490e+03
-2.244371812567634606e+03
-3.939404732912778968e+02
-5.581251544209203530e+02
-2.257888879968296351e+03
-1.776566781526510340e+03
-1.958668007627108864e+03
-2.277543092812801660e+03
-1.943073721931572663e+03
-2.316007364186522643e+00
-1.891811952729442510e+03
-4.106616145168675303e+02
-2.079604925347012340e+03
-2.272584781945140548e+03
-5.623888409497459406e+02
-1.896921530815197002e+03
-1.777349936108574866e+03
-1.490206129290042554e+03
-1.645443862450413008e+03
-1.642344171600904701e+03
-2.259743590791997576e+03
-1.502945556439632810e+03
-1.205577274489219917e+03
-1.225740340289125697e+03
-1.342072899163357761e+03
-1.409889610336069552e+02
-1.584108773902004032e+03
-1.440079124627261081e+03
-1.459508561991009856e+03
-2.254348349207132287e+03
-4.139668778556729762e+02
-2.258690564658110816e+03
-1.528741987373928851e+03
-2.288962180295396593e+03
-1.643897717660607213e+03
-1.552929387259567193e+03
-2.243031718670722967e+03
-1.515632357338679412e+03
-1.614903953860589581e+03
-1.604438891492962512e+03
-1.676152622250563809e+03
-1.606435425844980728e+03
-1.657798342652956080e+03
-1.562688787359935759e+03
-5.782237149395439424e+00
-1.408265823727689963e+02
-1.368890270227732628e+02
-1.619212205338963940e+03
-1.301307544551131290e+00
-2.247062848523306457e+03
-2.110789237672503987e+03
-2.064590589377708056e+03
-2.888728409286907439e+00
-1.736600613626197401e+03
-1.823155316737723297e+03
-1.934726429858735628e+03
-2.268797408875014298e+03
-2.167935251889554820e+03
-1.331098120855498905e+02
-1.348797647358081235e+02
-1.511701587930581292e+00
-1.592566662798761627e+03
-2.255194756400504957e+03
-1.606190752132260286e+03
-1.586631989343274427e+03
-1.969465868714105454e+03
-2.248560889607942499e+03
-5.125601824360758840e+00
-2.234318116740113055e+03
-2.250153996779361478e+03
-2.249729408189038168e+03
-2.116352044108246446e+03
-1.558119166051980301e+03
-2.087375161640239639e+03
-1.366074467961993264e+02
-1.362243179143486884e+02
-1.399108858146067575e+02
-6.670929462265897882e+02
-2.109570231982119822e+03
-1.833309797426024261e+03
-2.239257343942645093e+03
-2.235748204940010055e+03
-1.689403101804821063e+03
-2.240044845176546005e+03
-5.673092211053836209e+00
-1.609321911239028850e+03
-1.687373544078376653e+03
-2.279929048652981237e+03
-2.064033820989195192e+03
-2.280988188902732418e+03
-6.694952955398433687e+02
-2.238820764530472843e+03
-6.688130743894517991e+02
-1.933620603459358563e+03
-1.745606125447743580e+03
-1.316606142237747861e+02
-2.246094111589773547e+03
-2.011333398027253224e+03
-1.653000698903821785e+03
-2.253333181677880930e+03
-2.263878640681100023e+03
-2.266181462838640073e+03
-1.621554443601767389e+03
-2.241944068463261829e+03
-2.004393732522558821e+03
-1.380348964131046898e+02
-1.354223514091242180e+02
-1.547026160040656123e+03
-1.679138017947421758e+03
-2.034778778096241695e+03
-1.660959973405880191e+03
-1.589653811772623385e+03
-1.363178937226938956e+02
-2.020652251780936012e+03
-1.383066587567348620e+02
-1.414398176259577440e+02
-5.182017546881177772e+00
-1.375728380251636906e+02
-1.519327585263173205e+03
-2.215922437749488836e+03
-6.706278499981480081e+02
-5.434411925458513224e+02
-5.403312138747432982e+02
-2.246251942805229646e+03
-2.260425918684794851e+03
-3.953798633728536629e+02
-6.676357709344033537e+02
-5.348256475718395677e+02
-6.749204796319454545e+02
-9.417720732246583566e+02
-1.310063172778708349e+02
-5.447676691907444138e+02
-6.836608217586353931e+02
-5.465604993818757293e+02
-9.287023288009987709e+02
-2.256848748656340376e+03
-1.445959732891727299e+03
-1.512174704335251818e+03
-1.505271213739160203e+03
-1.512991395597920700e+03
-2.420820039463273954e+00
-2.138028118745447959e+00
-1.508161684709422843e+03
-1.357791920539200419e+02
-1.324831290192243500e+02
-1.347502529142479659e+02
-1.677461901914417467e+03
-2.252141554115188228e+03
-1.659241617923786862e+03
-1.690099761006389599e+03
-1.544906974510838381e+03
-2.231025165013214519e+03
-1.619279456769635772e+03
-1.221614233871308215e+03
-1.853664251233260529e+03
-2.248393871573495744e+03
-1.287437641215458825e+03
-2.480165047145495461e+00
-2.250652564387906750e+03
-1.206629444298564067e+03
